#BEAM Colour Palette Definition File
#Mon Jan 31 11:14:47 GMT 2022
autoDistribute=false
color0=0,0,0
color1=128,128,128
color2=255,255,255
numPoints=3
sample0=54.046875
sample1=186.6640625
sample2=319.28125
