#BEAM Colour Palette Definition File
#Mon Jan 31 11:16:51 GMT 2022
autoDistribute=false
color0=0,0,0
color1=128,128,128
color2=255,255,255
numPoints=3
sample0=14.46875
sample1=71.7109375
sample2=128.953125
